003004400000000000000069441380000000000306961705800000000023654190005000000000496738
003000030000000000000000177680000000000305978760800000000006030000004000000000063315
003000050000000000000000009980000000000307098690900000000029864570005000000000627156
003000030000000000000000175080000000000305978760800000000104922000004000000001101681
001000080000000000000005347980000000000306765609940000000000000000003000000000000000
001000050000000000000000096380000000000307098690900000000126505100005000000002656607
001000050000000000000000110780000000000202722696620000000002444520005000000000051335
001000050000000000000000111080000000000202722696620000000000670000005000000000014070
001000030000000000000000019380000000000307108040910000000274262520005000000005759513
001000600000000000000035865180000000000306236086770000000000058430005000000000001227
001000600000000000000035646480000000000306236086770000000000064290005000000000001350
001000600000000000000035960980000000000306236086770000000000165670005000000000003479
001000600000000000000019719480000000000306236086770000000007027570005000000000147579
099000000000000000000006201880000000000201633537500000000000000000003000000000000000
001000350000000000000062161280000000000336921482290000000021319330005000000000447706
001000350000000000000062168880000000000336921482290000000004700710005000000000098715
001000350000000000000062240880000000000336921482290000000002932430005000000000061581
001000350000000000000062241080000000000336921482290000000004276570005000000000089808
001000040000000000000000021680000000000202904193880000000028975000005000000000608475
001000260000000000000002455380000000000306232959460000000001642620005000000000034495
001000260000000000000002455680000000000306232959460000000001868950005000000000039248
001000040000000000000000710680000000000307088628900000000005292000005000000000111132
001000040000000000000000710680000000000307088628900000000001470000004000000000015435
001000040000000000000002626480000000000306920623090000000000132240005000000000002777
001000040000000000000002626480000000000306920623090000000001088290004000000000011427
001000040000000000000000168880000000000306189781210000000002500000005000000000052500
001000020000000000000000742780000000000337105670990000000049977710005000000001049532
001000020000000000000000180880000000000306994135140000000008560000005000000000179760
001000020000000000000000010980000000000307156120340000000097361480005000000002044591
001000130000000000000003524580000000000306851583410000000000550000005000000000011550
001000130000000000000003746280000000000306851583410000000000550000005000000000011550
001000170000000000000001419280000000000306851583410000000000550000005000000000011550
001000210000000000000001414980000000000306851583410000000000166570005000000000003498
001000220000000000000007599280000000000306825040520000000006112430005000000000128361
099000000000000000000004201880000000000305467412530000000000000000003000000000000000
001000570000000000000041746980000000000336950984190000000001532560006000000000041379
001000570000000000000042273280000000000336950984190000000028953590006000000000781747
002000030000000000000000012780000000000305978760800000000010188000004000000000106974
001020930000000000000895271380000000000306788143570000000003359620005000000000070552
001020930000000000000895271380000000000306788143570000000021224960006000000000573074
001000020000000000000000278580000000000307122623420000000001760050005000000000036961
099000000000000000000006201880000000000305467412530000000000000000003000000000000000
001000040000000000000000382180000000000305046034460000000031400000005000000000659400
001000030000000000000003600880000000000307029552850000000001008000005000000000021168
001000030000000000000003635480000000000307029552850000000004645190005000000000097549
001000030000000000000003638480000000000307029552850000000001656000005000000000034776
001000310000000000000003611280000000000307029552850000000002256000005000000000047376
001000020000000000000000309080000000000306564175080000000009522430005000000000199971
001083400000000000000086913080000000000306394537380000000000000000003000000000000000
001000600000000000000036095180000000000306236086770000000000131430005000000000002760
001000600000000000000036174580000000000306236086770000000000060000005000000000001260
001050020000000000000006729080000000000305170502250000000000519000005000000000010899
001050020000000000000006729180000000000305170502250000000000519000005000000000010899
001050020000000000000009708080000000000305170502250000000000548760005000000000011524
001050020000000000000009707980000000000305170502250000000000548760005000000000011524
001050020000000000000006729280000000000305170502250000000000184290005000000000003870
001050020000000000000009812080000000000305170502250000000000184290005000000000003870
001050020000000000000012867980000000000305170502250000000000184290005000000000003870
001050020000000000000015603480000000000305170502250000000000137190005000000000002881
001050020000000000000015603580000000000305170502250000000000411570005000000000008643
001050020000000000000015831780000000000305170502250000000000184290005000000000003870
001050020000000000000018722880000000000305170502250000000000548760005000000000011524
001050020000000000000018722980000000000305170502250000000000548760005000000000011524
001050020000000000000018834780000000000305170502250000000000184290005000000000003870
001050020000000000000021537080000000000305170502250000000000548760005000000000011524
001050020000000000000021537180000000000305170502250000000000548760005000000000011524
001050020000000000000021537280000000000305170502250000000000184290005000000000003870
001050020000000000000021676380000000000305170502250000000000575190005000000000012079
001050020000000000000024128780000000000305170502250000000001334710005000000000028029
001050020000000000000026286580000000000305170502250000000000795860005000000000016713
001010000000000000000005306080000000000306145871440000000034000000005000000000714000
001000020000000000000000155580000000000307143952180000000066212000005000000001390452
001000040000000000000002632080000000000306920623090000000000132240005000000000002777
001000040000000000000002632080000000000306920623090000000000818570004000000000008595
001000080000000000000005411980000000000306765609940000000000000000003000000000000000
001000030000000000000000113980000000000307100614470000000049726380005000000001044254
001005000000000000000080375980000000000305801113150000000000357520005000000000007508
001000140000000000000557712680000000000306551162020000000004190070006000000000113132
001000140000000000000557972880000000000306551162020000000001298110006000000000035049
001000140000000000000558079980000000000306551162020000000001248070006000000000033698
001000140000000000000558128380000000000306551162020000000001281440006000000000034599
001000050000000000000000098880000000000307098690900000000221489670005000000004651283
001000050000000000000000098980000000000307098690900000000138790140005000000002914593
001000050000000000000000099080000000000307098690900000000126505100005000000002656607
099000000000000000000006201880000000000306713759000000000000390000005000000000008190
099000000000000000000006201880000000000309990320830000000000454570005000000000009546
099000000000000000000006201880000000000339992421090000000000000000003000000000000000
099000000000000000000006201880000000000305000140470000000001087050005000000000022828
001000050000000000000000111180000000000202722696620000000001446520005000000000030377
001000040000000000000000152080000000000337103251090000000009661810005000000000202898
001000020000000000000000253380000000000307078979410000000015123810004000000000158800
001000020000000000000130132180000000000305000550530000000000500000005000000000010500
001001060000000000000269968380000000000307095650750000000000000000003000000000000000
099000000000000000000006201880000000000305000056250000000015158050005000000000318319
099000000000000000000006201880000000000305748168700000000000900000005000000000018900
001000600000000000000036268080000000000306236086770000000000304330005000000000006391
001000600000000000000036395380000000000306236086770000000000055520005000000000001166
001000030000000000000000089580000000000201747562960000000053600000005000000001125600
001000030000000000000000089680000000000201747562960000000008300000005000000000174300
001000020000000000000000182480000000000306994135140000000005800000005000000000121800
001000070000000000000005873080000000000306160442100000000008419140005000000000176802
001000260000000000000002472980000000000306232959460000000006710290005000000000140916
001000060000000000000002031780000000000306578918230000000011096430005000000000233025
001000020000000000000000746180000000000337105670990000000049977710005000000001049532
099000000000000000000003201880000000000305467412530000000000000000003000000000000000
001000030000000000000002876380000000000305978760800000000108000000004000000001134000
001000570000000000000043527780000000000336950984190000000032561190006000000000879152
001000570000000000000043131980000000000336950984190000000001694670006000000000045756
001018590000000000000000960580000000000306788143570000000012809100005000000000268991
001025600000000000000040021580000000000306788143570000000009595520005000000000201506
001020930000000000000908899680000000000306788143570000000003226670005000000000067760
001020930000000000000908899680000000000306788143570000000018073930006000000000487996
001083400000000000000055439980000000000306394537380000000001106430005000000000023235
001083400000000000000084941980000000000306394537380000000001193190005000000000025057
001083400000000000000070013380000000000306394537380000000001106430005000000000023235
001000140000000000000516013480000000000306551162020000000001295670006000000000034983
001000140000000000000516128580000000000306551162020000000001667780006000000000045030
001000140000000000000516165780000000000306551162020000000006233190006000000000168296
001000140000000000000516393080000000000306551162020000000002155520006000000000058199
001000140000000000000529922480000000000306551162020000000001303960006000000000035207
001000140000000000000530011980000000000306551162020000000001682040006000000000045415
001000140000000000000530197880000000000306551162020000000006289440006000000000169815
001000040000000000000002636680000000000306920623090000000000132240005000000000002777
001000040000000000000002636680000000000306920623090000000000848000004000000000008904
001000080000000000000005484780000000000306765609940000000000000000003000000000000000
001000050000000000000000112580000000000202722696620000000000356520005000000000007487
001000050000000000000000112680000000000202722696620000000001240000005000000000026040
001000140000000000000525229580000000000306551162020000000021282810006000000000574636
001000140000000000000567161380000000000306551162020000000021981700006000000000593506
001000140000000000000552784280000000000306551162020000000021560930006000000000582145
001083400000000000000028838580000000000306394537380000000001923760005000000000040399
001000140000000000000511951280000000000306551162020000000023403960006000000000631907
001000140000000000000539180480000000000306551162020000000021768850006000000000587759
001083400000000000000057941780000000000306394537380000000001117760005000000000023473
001083400000000000000072293580000000000306394537380000000001117760005000000000023473
001001060000000000000257628680000000000307095650750000000000000000003000000000000000
003004400000000000000069168480000000000306961705800000000028365670005000000000595679
001004400000000000000078084680000000000306961705800000000018491190005000000000388315
001000060000000000000001993580000000000306578918230000000008048380005000000000169016
001000060000000000000001890980000000000306578918230000000006900380005000000000144908
099000000000000000000000144480000000000550000000180000000000000000003000000000000000
099000000000000000000000164980000000000550000000180000000000000000003000000000000000
099000000000000000000000166580000000000550000000180000000000000000003000000000000000
001005000000000000000080200880000000000305801113150000000000434140005000000000009117
001000180000000000000001753080000000000305847159320000000015819900005000000000332218
001000180000000000000002071780000000000305847159320000000016781480005000000000352411
001000180000000000000001938380000000000305847159320000000019212480005000000000403462
099000000000000000000000097680000000000550000000180000000000000000003000000000000000
099000000000000000000000167980000000000550000000180000000000000000003000000000000000
099000000000000000000000168080000000000550000000180000000000000000003000000000000000
001000180000000000000002014380000000000305847159320000000025571100005000000000536993
