01900005000000000000000000590000000000000000003000000000000000
00600004000000000000000017730000000141750000005000000002976750
00600004000000000000000017740000000097200000005000000002041200
00100004000000000000000035910000000037800000005000000000793800
00100004000000000000000035920000000069300000005000000001455300
00100004000000000000000035930000000278100000005000000005840100
00100004000000000000000035940000000064125000005000000001346625
00800004000000000000000000910000000141750000005000000002976750
00100004000000000000000035950000000037800000005000000000793800
00600004000000000000000017750000000033750000005000000000708750
00100004000000000000000035960000000075600000005000000001587600
00100004000000000000000035970000000270000000005000000005670000
00100004000000000000000035980000000070200000005000000001474200
00600004000000000000000017760000000016875000005000000000354375
00100004000000000000000035990000000033750000005000000000708750
00100004000000000000000036000000000014000000005000000000294000
00100004000000000000000036010000000229500000005000000004819500
00300004000000000000000000980000000229500000005000000004819500
00100004000000000000000036020000000070200000005000000001474200
00100004000000000000000036030000000769500000005000000016159500
00100004000000000000000036040000000062100000005000000001304100
00600004000000000000000017770000000063838000005000000001340598
00800004000000000000000000920000000063838000005000000001340598
00600004000000000000000017780000000307824810005000000006464321
00600004000000000000000017790000000034356190005000000000721480
00800004000000000000000000930000000034356190005000000000721480
00100004000000000000000036050000000009450000005000000000198450
00600004000000000000000017800000000106650000005000000002239650
00100004000000000000000036060000000037800000005000000000793800
00100004000000000000000036070000001606500000005000000033736500
00100004000000000000000036080000000085725000005000000001800225
00800004000000000000000000940000000307824810005000000006464321
00100004000000000000000036090000000054000000005000000001134000
00100004000000000000000036100000000079920000005000000001678320
00600004000000000000000017810000000490420000005000000010298820
00800004000000000000000000950000000490420000005000000010298820
00100004000000000000000036110000000036450000005000000000765450
00100004000000000000000036120000000016875000005000000000354375
00100004000000000000000036130000000170769620005000000003586162
00100004000000000000000036140000001606500000005000000033736500
00100004000000000000000036150000000013500000005000000000283500
00100004000000000000000036160000000340000000005000000007140000
00100004000000000000000036170000000075600000005000000001587600
00100004000000000000000036180000000284616000005000000005976936
00100004000000000000000036190000000101250000005000000002126250
00600004000000000000000017820000000003375000005000000000070875
00100004000000000000000036200000000016875000005000000000354375
00600004000000000000000017830000000064124810005000000001346621
00600004000000000000000017840000000067705760005000000001421821
00600004000000000000000017850000000052650000005000000001105650
00600004000000000000000017860000000052650000005000000001105650
00100004000000000000000036210000000037800000005000000000793800
00100004000000000000000036220000000070200000005000000001474200
00100004000000000000000036230000000037800000005000000000793800
00600004000000000000000017870000000141750000005000000002976750
00600004000000000000000017880000000106650000005000000002239650
00600004000000000000000017890000000036450000005000000000765450
00100004000000000000000036240000000027000000005000000000567000
00100004000000000000000036250000000033750000005000000000708750
00100004000000000000000036260000000075600000005000000001587600
00600004000000000000000017900000000386400000005000000008114400
00600004000000000000000017910000000033600000005000000000705600
00800004000000000000000000960000000033600000005000000000705600
00600004000000000000000017920000000067705760005000000001421821
00100004000000000000000036270000000022500000005000000000472500
00100004000000000000000036280000000502500000005000000010552500
00100004000000000000000036290000000235500000005000000004945500
00100004000000000000000036300000000090000000005000000001890000
00100004000000000000000036310000000292500000005000000006142500
00800004000000000000000000970000000141750000005000000002976750
00600004000000000000000017930000000067705760005000000001421821
00600004000000000000000017940000000067705760005000000001421821
00100004000000000000000036320000000027000000005000000000567000
00100004000000000000000036330000000020250000005000000000425250
00600004000000000000000017950000000021000000005000000000441000
00600004000000000000000017960000000021000000005000000000441000
00600004000000000000000017970000000021000000005000000000441000
00600004000000000000000017980000000021000000005000000000441000
00600004000000000000000017990000000021000000005000000000441000
00600004000000000000000018000000000021000000005000000000441000
00600004000000000000000018010000000021000000005000000000441000
00600004000000000000000018020000000021000000005000000000441000
00600004000000000000000018030000000021000000005000000000441000
00600004000000000000000018040000000263330570005000000005529942
00800004000000000000000000980000000263330570005000000005529942
00600004000000000000000018050000000021000000005000000000441000
00600004000000000000000018060000000021000000005000000000441000
00600004000000000000000018070000000021000000005000000000441000
00600004000000000000000018080000000021000000005000000000441000
00600004000000000000000018090000000021000000005000000000441000
00600004000000000000000018100000000021000000005000000000441000
00600004000000000000000018110000000021000000005000000000441000
00100004000000000000000018120000000106650000005000000002239650
00100004000000000000000036340000000450000000005000000009450000
00100004000000000000000036350000000042000000005000000000882000
00100004000000000000000036360000000641250000005000000013466250
00100004000000000000000036370000000062100000005000000001304100
00100004000000000000000036380000000035100000005000000000737100
00600004000000000000000018130000000027719860005000000000582117
00800004000000000000000000990000000027719860005000000000582117
00100004000000000000000036390000000037800000005000000000793800
00600004000000000000000018140000000067705760005000000001421821
00100004000000000000000036400000000098010000005000000002058210
00100004000000000000000036410000000325680000005000000006839280
00100004000000000000000036420000000049005000005000000001029105
00100004000000000000000036430000000168912000005000000003547152
00100004000000000000000036440000000218700000005000000004592700
00600004000000000000000018150000001239490900005000000026029309
00100004000000000000000036450000000039150000005000000000822150
00100004000000000000000036460000000180000000005000000003780000
00100004000000000000000036470000000036450000005000000000765450
00100004000000000000000036480000000290000000005000000006090000
00100004000000000000000036490000000317500000005000000006667500
00600004000000000000000018160000000063808290005000000001339974
00600004000000000000000018170000000221758670005000000004656932
00100004000000000000000036500000000220500000005000000004630500
00100004000000000000000036510000000252000000005000000005292000
